Worms:[John-10(0,0)],Food:]
Worms:[John-9(-1,0)],Food:[(-4,-5)]
Worms:[John-8(0,0)],Food:[(-4,-5),(1,0)]
Worms:[John-17(1,0)],Food:[(-4,-5),(2,0)]
Worms:[John-6(1,0),Bob[1]-20(2,0)],Food:[(-4,-5),(3,3)]
Worms:[John-5(1,1),Bob[1]-9(2,0),Zik[1]-10(1,0)],Food:[(-4,-5),(3,3),(1,2)]
Worms:[John-14(1,2),Bob[1]-8(3,0),Zik[1]-9(2,0)],Food:[(-4,-5),(3,3),(-2,-10)]
Worms:[John-3(1,2),Bob[1]-7(3,1),Zik[1]-8(3,0),Vasia[1]-10(2,2)],Food:[(-4,-5),(3,3),(-2,-10),(7,1)]
Worms:[John-2(1,2),Bob[1]-6(3,2),Zik[1]-7(3,1),Vasia[1]-9(2,2)],Food:[(-4,-5),(3,3),(-2,-10),(7,1),(-1,10)]
Worms:[John-1(1,2),Bob[1]-15(3,3),Zik[1]-6(3,2),Vasia[1]-8(2,2)],Food:[(-4,-5),(-2,-10),(7,1),(-1,10),(3,4)]
Worms:[Bob[1]-4(3,3),Zik[1]-5(4,2),Vasia[1]-7(3,2),Boshy[1]-20(3,4)],Food:[(-4,-5),(-2,-10),(7,1),(-1,10),(-5,-12)]
Worms:[Bob[1]-3(4,3),Zik[1]-4(5,2),Vasia[1]-6(4,2),Boshy[1]-9(3,4),Damir[1]-10(2,4)],Food:[(-2,-10),(7,1),(-1,10),(-5,-12),(-1,6)]
Worms:[Bob[1]-2(5,3),Zik[1]-3(6,2),Vasia[1]-5(5,2),Boshy[1]-8(3,4),Damir[1]-9(1,4)],Food:[(-2,-10),(7,1),(-1,10),(-5,-12),(-1,6),(2,-1)]
Worms:[Bob[1]-1(6,3),Zik[1]-2(7,2),Vasia[1]-4(6,2),Boshy[1]-7(2,4),Damir[1]-8(0,4)],Food:[(-2,-10),(7,1),(-1,10),(-5,-12),(-1,6),(2,-1),(0,3)]
Worms:[Zik[1]-11(7,1),Vasia[1]-3(5,2),Boshy[1]-6(2,4),Damir[1]-17(0,3),Tazar[1]-10(1,4)],Food:[(-2,-10),(-1,10),(-5,-12),(-1,6),(2,-1)]
Worms:[Vasia[1]-2(4,2),Boshy[1]-5(2,4),Damir[1]-6(0,3),Tazar[1]-9(0,4),Artem[1]-10(6,1),Grisha[1]-10(-1,3)],Food:[(-2,-10),(-1,10),(-5,-12),(-1,6),(2,-1),(3,-8)]
Worms:[Vasia[1]-1(4,1),Boshy[1]-4(1,4),Damir[1]-5(0,3),Tazar[1]-8(-1,4),Artem[1]-9(5,1),Grisha[1]-9(-1,3)],Food:[(-1,10),(-5,-12),(-1,6),(2,-1),(3,-8),(4,-1)]
Worms:[Boshy[1]-3(0,4),Damir[1]-4(0,3),Tazar[1]-7(-1,5),Artem[1]-8(4,1),Grisha[1]-8(-1,4)],Food:[(-1,10),(-5,-12),(-1,6),(2,-1),(3,-8),(4,-1),(2,1)]
Worms:[Boshy[1]-2(0,4),Damir[1]-3(-1,3),Tazar[1]-16(-1,6),Artem[1]-7(4,0),Grisha[1]-7(-1,5)],Food:[(-5,-12),(2,-1),(3,-8),(4,-1),(2,1),(0,-4)]
Worms:[Boshy[1]-1(1,4),Damir[1]-2(0,3),Tazar[1]-5(-1,6),Artem[1]-16(4,-1),Grisha[1]-6(0,5),Alexandr[1]-10(0,6)],Food:[(-5,-12),(2,-1),(3,-8),(2,1),(0,-4),(-4,-1)]
Worms:[Damir[1]-1(1,3),Tazar[1]-4(-2,6),Artem[1]-5(4,-1),Grisha[1]-5(-1,5),Alexandr[1]-9(-1,6),Bob[2]-10(3,-1)],Food:[(2,-1),(3,-8),(2,1),(0,-4),(-4,-1),(-2,5)]
Worms:[Tazar[1]-13(-2,5),Artem[1]-4(4,-1),Grisha[1]-4(0,5),Alexandr[1]-8(0,6),Bob[2]-19(2,-1)],Food:[(3,-8),(2,1),(0,-4),(-4,-1),(3,-2)]
Worms:[Tazar[1]-2(-2,5),Artem[1]-3(3,-1),Grisha[1]-3(1,5),Alexandr[1]-7(1,6),Bob[2]-8(2,-1),Artem[2]-10(-1,5),Zik[2]-10(2,0)],Food:[(3,-8),(2,1),(0,-4),(-4,-1),(3,-2),(-8,0)]
Worms:[Tazar[1]-1(-2,5),Artem[1]-12(3,-2),Grisha[1]-2(2,5),Alexandr[1]-6(2,6),Bob[2]-7(2,-1),Artem[2]-9(0,5),Zik[2]-19(2,1)],Food:[(3,-8),(0,-4),(-4,-1),(-8,0),(-6,-7)]
Worms:[Artem[1]-1(3,-2),Grisha[1]-1(3,5),Alexandr[1]-5(3,6),Bob[2]-6(3,-1),Artem[2]-8(0,4),Zik[2]-8(2,1),Tazar[2]-10(4,-2),Damir[2]-10(3,1)],Food:[(3,-8),(0,-4),(-4,-1),(-8,0),(-6,-7),(4,-3)]
Worms:[Alexandr[1]-4(4,6),Bob[2]-5(4,-1),Artem[2]-7(0,3),Zik[2]-7(2,1),Tazar[2]-19(4,-3),Damir[2]-9(3,1)],Food:[(0,-4),(-4,-1),(-8,0),(-6,-7),(14,0)]
Worms:[Alexandr[1]-3(3,6),Bob[2]-4(3,-1),Artem[2]-6(0,2),Zik[2]-6(1,1),Tazar[2]-8(4,-3),Damir[2]-8(2,1),Zik[3]-10(3,-3)],Food:[(0,-4),(-4,-1),(-8,0),(-6,-7),(14,0),(-10,2)]
Worms:[Alexandr[1]-2(2,6),Bob[2]-3(2,-1),Artem[2]-5(0,1),Zik[2]-5(1,1),Tazar[2]-7(4,-3),Damir[2]-7(2,1),Zik[3]-9(2,-3)],Food:[(0,-4),(-4,-1),(-8,0),(-6,-7),(14,0),(-10,2),(0,13)]
Worms:[Alexandr[1]-1(1,6),Bob[2]-2(1,-1),Artem[2]-4(0,0),Zik[2]-4(0,1),Tazar[2]-6(3,-3),Damir[2]-6(1,1),Zik[3]-8(1,-3)],Food:[(-4,-1),(-8,0),(-6,-7),(14,0),(-10,2),(0,13),(0,-10)]
Worms:[Bob[2]-1(0,-1),Artem[2]-3(-1,0),Zik[2]-3(-1,1),Tazar[2]-5(2,-3),Damir[2]-5(0,1),Zik[3]-7(0,-3)],Food:[(-8,0),(-6,-7),(14,0),(-10,2),(0,13),(0,-10),(-2,5)]
Worms:[Bob[2]-10(0,-2),Artem[2]-2(-2,0),Zik[2]-2(-2,1),Tazar[2]-4(1,-3),Damir[2]-4(-1,1),Zik[3]-6(0,-4)],Food:[(-8,0),(-6,-7),(14,0),(-10,2),(0,13),(0,-10),(-2,5)]
Worms:[Bob[2]-9(0,-3),Artem[2]-1(-2,0),Zik[2]-1(-2,2),Tazar[2]-3(1,-3),Damir[2]-3(-2,1),Zik[3]-5(0,-5)],Food:[(-8,0),(-6,-7),(14,0),(-10,2),(0,13),(0,-10),(-2,5),(-4,6)]
Worms:[Bob[2]-8(0,-4),Tazar[2]-2(0,-3),Damir[2]-2(-2,2),Zik[3]-4(0,-6)],Food:[(-6,-7),(14,0),(-10,2),(0,13),(0,-10),(-2,5),(-4,6),(-9,-12)]
Worms:[Bob[2]-7(0,-5),Tazar[2]-1(0,-4),Damir[2]-1(-2,3),Zik[3]-3(0,-7)],Food:[(14,0),(-10,2),(0,13),(0,-10),(-2,5),(-4,6),(-9,-12),(-14,5)]
Worms:[Bob[2]-6(-1,-5),Zik[3]-2(-1,-7)],Food:[(14,0),(-10,2),(0,13),(0,-10),(-2,5),(-4,6),(-9,-12),(-14,5),(-2,-7)]
Worms:[Bob[2]-5(-2,-5),Zik[3]-11(-2,-7)],Food:[(-10,2),(0,13),(0,-10),(-2,5),(-4,6),(-9,-12),(-14,5),(-9,1)]
Worms:[Bob[2]-4(-1,-5),Artem[3]-10(-1,-7)],Food:[(0,13),(0,-10),(-2,5),(-4,6),(-9,-12),(-14,5),(-9,1),(3,4)]
Worms:[Bob[2]-3(0,-5),Artem[3]-9(0,-7)],Food:[(0,-10),(-2,5),(-4,6),(-9,-12),(-14,5),(-9,1),(3,4),(7,-1)]
Worms:[Bob[2]-2(-1,-5),Artem[3]-8(0,-8)],Food:[(-2,5),(-4,6),(-9,-12),(-14,5),(-9,1),(3,4),(7,-1),(-2,-4)]
Worms:[Bob[2]-1(-2,-5),Artem[3]-7(-1,-8)],Food:[(-4,6),(-9,-12),(-14,5),(-9,1),(3,4),(7,-1),(-2,-4),(8,4)]
Worms:[Bob[2]-10(-2,-4),Artem[3]-6(-2,-8)],Food:[(-4,6),(-9,-12),(-14,5),(-9,1),(3,4),(7,-1),(8,4),(-3,2)]
Worms:[Bob[2]-9(-3,-4),Artem[3]-5(-1,-8)],Food:[(-9,-12),(-14,5),(-9,1),(3,4),(7,-1),(8,4),(-3,2),(3,-7)]
Worms:[Bob[2]-8(-4,-4),Artem[3]-4(0,-8)],Food:[(-14,5),(-9,1),(3,4),(7,-1),(8,4),(-3,2),(3,-7),(-4,0)]
Worms:[Bob[2]-7(-3,-4),Artem[3]-3(1,-8)],Food:[(-9,1),(3,4),(7,-1),(8,4),(-3,2),(3,-7),(-4,0),(-3,-6)]
Worms:[Bob[2]-6(-3,-5),Artem[3]-2(2,-8)],Food:[(-9,1),(3,4),(7,-1),(8,4),(-3,2),(3,-7),(-4,0),(-3,-6),(3,2)]
Worms:[Bob[2]-15(-3,-6),Artem[3]-1(3,-8)],Food:[(3,4),(7,-1),(8,4),(-3,2),(3,-7),(-4,0),(3,2),(2,-3)]
Worms:[Bob[2]-4(-3,-6),Artem[3]-10(3,-7),Bob[3]-10(-2,-6)],Food:[(7,-1),(8,4),(-3,2),(-4,0),(3,2),(2,-3),(2,11)]
Worms:[Bob[2]-3(-4,-6),Artem[3]-9(2,-7),Bob[3]-9(-1,-6)],Food:[(8,4),(-3,2),(-4,0),(3,2),(2,-3),(2,11),(-3,11)]
Worms:[Bob[2]-2(-4,-5),Artem[3]-8(2,-6),Bob[3]-8(0,-6)],Food:[(8,4),(-3,2),(-4,0),(3,2),(2,-3),(2,11),(-3,11),(0,0)]
Worms:[Bob[2]-1(-4,-4),Artem[3]-7(2,-5),Bob[3]-7(1,-6)],Food:[(-3,2),(-4,0),(3,2),(2,-3),(2,11),(-3,11),(0,0),(0,2)]
Worms:[Artem[3]-6(2,-4),Bob[3]-6(2,-6)],Food:[(-4,0),(3,2),(2,-3),(2,11),(-3,11),(0,0),(0,2),(-9,-12)]
Worms:[Artem[3]-15(2,-3),Bob[3]-5(1,-6)],Food:[(-4,0),(3,2),(2,11),(-3,11),(0,0),(0,2),(-9,-12),(4,9)]
Worms:[Artem[3]-4(2,-3),Bob[3]-4(0,-6),Artem[4]-10(1,-3)],Food:[(3,2),(2,11),(-3,11),(0,0),(0,2),(-9,-12),(4,9),(9,-2)]
Worms:[Artem[3]-3(2,-3),Bob[3]-3(0,-5),Artem[4]-9(0,-3)],Food:[(3,2),(2,11),(-3,11),(0,0),(0,2),(-9,-12),(4,9),(9,-2),(-5,-1)]
Worms:[Artem[3]-2(1,-3),Bob[3]-2(0,-4),Artem[4]-8(0,-2)],Food:[(2,11),(-3,11),(0,0),(0,2),(-9,-12),(4,9),(9,-2),(-5,-1),(-7,-8)]
Worms:[Artem[3]-11(1,-2),Bob[3]-1(0,-3),Artem[4]-7(0,-1)],Food:[(2,11),(-3,11),(0,0),(0,2),(-9,-12),(4,9),(9,-2),(-5,-1),(-7,-8)]
Worms:[Artem[4]-16(0,0),Ilya[1]-10(0,-2)],Food:[(-3,11),(0,2),(-9,-12),(4,9),(9,-2),(-5,-1),(-7,-8),(-3,0)]
Worms:[Artem[4]-5(0,0),Ilya[1]-9(1,-2),John[1]-10(0,1)],Food:[(0,2),(-9,-12),(4,9),(9,-2),(-5,-1),(-7,-8),(-3,0),(2,-3)]
Worms:[Artem[4]-4(0,0),Ilya[1]-8(2,-2),John[1]-19(0,2)],Food:[(-9,-12),(4,9),(9,-2),(-5,-1),(-7,-8),(-3,0),(2,-3),(-3,1)]
Worms:[Artem[4]-3(-1,0),Ilya[1]-17(2,-3),John[1]-8(0,2),Bob[4]-10(-1,2)],Food:[(-9,-12),(4,9),(9,-2),(-5,-1),(-7,-8),(-3,0),(-3,1),(3,6)]
Worms:[Artem[4]-2(-2,0),Ilya[1]-6(2,-3),John[1]-7(0,2),Bob[4]-9(-2,2),John[2]-10(1,-3)],Food:[(4,9),(9,-2),(-5,-1),(-7,-8),(-3,0),(-3,1),(3,6),(1,-1)]
Worms:[Artem[4]-11(-3,0),Ilya[1]-5(2,-3),John[1]-6(-1,2),Bob[4]-8(-2,2),John[2]-9(1,-2),Sanya[1]-10(-3,2)],Food:[(9,-2),(-5,-1),(-7,-8),(-3,1),(3,6),(1,-1)]
Worms:[Ilya[1]-4(1,-3),John[1]-5(0,2),Bob[4]-7(-2,2),John[2]-18(1,-1),Sanya[1]-9(-4,2),John[3]-20(-3,1)],Food:[(-5,-1),(-7,-8),(3,6),(5,-2)]
Worms:[Ilya[1]-3(2,-3),John[1]-4(1,2),Bob[4]-6(-3,2),John[2]-7(1,-1),Sanya[1]-8(-5,2),John[3]-9(-3,1),Sanya[2]-10(2,-1),Klavii[1]-10(-4,1)],Food:[(-7,-8),(3,6),(5,-2),(8,-6)]
Worms:[Ilya[1]-2(3,-3),John[1]-3(2,2),Bob[4]-5(-2,2),John[2]-6(1,-1),Sanya[1]-7(-6,2),John[3]-8(-2,1),Sanya[2]-9(3,-1),Klavii[1]-9(-3,1)],Food:[(3,6),(5,-2),(8,-6),(3,-2)]
Worms:[Ilya[1]-11(3,-2),John[1]-2(3,2),Bob[4]-4(-1,2),John[2]-5(2,-1),Sanya[1]-6(-5,2),John[3]-7(-1,1),Sanya[2]-8(4,-1),Klavii[1]-8(-2,1)],Food:[(3,6),(5,-2),(8,-6),(-1,4)]
Worms:[John[1]-1(3,3),Bob[4]-3(-1,3),John[2]-4(3,-1),Sanya[1]-5(-4,2),John[3]-6(-1,2),Sanya[2]-7(5,-1),Klavii[1]-7(-1,1),Tazar[3]-10(4,-2)],Food:[(3,6),(5,-2),(8,-6),(-1,4),(-4,-7)]
Worms:[Bob[4]-12(-1,4),John[2]-3(4,-1),Sanya[1]-4(-4,1),John[3]-5(0,2),Sanya[2]-16(5,-2),Klavii[1]-6(0,1),Tazar[3]-9(4,-2)],Food:[(3,6),(8,-6),(-4,-7),(4,6)]
Worms:[Bob[4]-1(-1,4),John[2]-2(4,0),Sanya[1]-3(-3,1),John[3]-4(-1,2),Sanya[2]-5(5,-2),Klavii[1]-15(-1,1),Tazar[3]-8(4,-2),John[4]-10(-1,3),Tazar[4]-10(6,-2)],Food:[(3,6),(8,-6),(-4,-7),(4,6)]
Worms:[John[2]-1(4,1),Sanya[1]-2(-3,2),John[3]-3(-2,2),Sanya[2]-4(5,-2),Klavii[1]-4(-1,1),Tazar[3]-7(4,-2),John[4]-9(-2,3),Tazar[4]-9(7,-2),Boshy[2]-10(-2,1)],Food:[(8,-6),(-4,-7),(4,6),(-3,5)]
Worms:[Sanya[1]-1(-3,3),John[3]-2(-3,2),Sanya[2]-3(5,-1),Klavii[1]-3(-1,1),Tazar[3]-6(5,-2),John[4]-8(-2,3),Tazar[4]-8(8,-2),Boshy[2]-9(-3,1)],Food:[(8,-6),(-4,-7),(4,6),(-3,5),(5,2)]
Worms:[John[3]-1(-3,3),Sanya[2]-2(5,0),Klavii[1]-2(-2,1),Tazar[3]-5(5,-1),John[4]-7(-2,3),Tazar[4]-7(8,-3),Boshy[2]-8(-3,2)],Food:[(8,-6),(-4,-7),(4,6),(-3,5),(5,2),(7,4)]
Worms:[Sanya[2]-1(5,1),Klavii[1]-1(-3,1),Tazar[3]-4(4,-1),John[4]-6(-3,3),Tazar[4]-6(8,-4),Boshy[2]-7(-3,2)],Food:[(8,-6),(-4,-7),(4,6),(-3,5),(5,2),(7,4),(3,-1)]
Worms:[Sanya[2]-10(5,2),Tazar[3]-13(3,-1),John[4]-5(-3,4),Tazar[4]-5(8,-5),Boshy[2]-6(-3,3)],Food:[(-4,-7),(4,6),(-3,5),(7,4),(1,-4)]
Worms:[Sanya[2]-9(6,2),Tazar[3]-2(3,-1),John[4]-14(-3,5),Tazar[4]-4(7,-5),Boshy[2]-5(-2,3),Vasia[2]-10(2,-1)],Food:[(-4,-7),(4,6),(7,4),(1,-4),(1,-2)]
Worms:[Sanya[2]-8(6,3),Tazar[3]-1(3,-1),John[4]-3(-3,5),Tazar[4]-3(6,-5),Boshy[2]-4(-1,3),Vasia[2]-9(1,-1),Alexandr[2]-10(-2,5)],Food:[(-4,-7),(4,6),(7,4),(1,-4),(1,-2),(6,4)]
Worms:[Sanya[2]-17(6,4),John[4]-2(-3,5),Tazar[4]-2(5,-5),Boshy[2]-3(0,3),Vasia[2]-18(1,-2),Alexandr[2]-9(-1,5)],Food:[(4,6),(7,4),(1,-4),(4,-7)]
Worms:[Sanya[2]-6(6,4),John[4]-1(-2,5),Tazar[4]-1(4,-5),Boshy[2]-2(1,3),Vasia[2]-7(1,-2),Alexandr[2]-8(0,5),Klavii[2]-20(7,4),Grisha[2]-10(1,-3)],Food:[(1,-4),(4,-7),(9,8)]
Worms:[Sanya[2]-5(6,4),Boshy[2]-1(1,2),Vasia[2]-6(1,-2),Alexandr[2]-7(1,5),Klavii[2]-9(7,4),Grisha[2]-19(1,-4),Alexandr[3]-10(8,4)],Food:[(4,-7),(9,8),(7,-4)]
Worms:[Sanya[2]-4(6,4),Vasia[2]-5(0,-2),Alexandr[2]-6(0,5),Klavii[2]-8(7,4),Grisha[2]-8(1,-4),Alexandr[3]-9(9,4),Sanya[3]-10(2,-4)],Food:[(4,-7),(9,8),(7,-4),(-1,1)]
Worms:[Sanya[2]-3(6,4),Vasia[2]-4(-1,-2),Alexandr[2]-5(-1,5),Klavii[2]-7(8,4),Grisha[2]-7(1,-4),Alexandr[3]-8(9,5),Sanya[3]-9(3,-4)],Food:[(4,-7),(9,8),(7,-4),(-1,1),(-8,3)]
Worms:[Sanya[2]-2(7,4),Vasia[2]-3(-1,-1),Alexandr[2]-4(-1,4),Klavii[2]-6(9,4),Grisha[2]-6(0,-4),Alexandr[3]-7(9,6),Sanya[3]-8(4,-4)],Food:[(4,-7),(9,8),(7,-4),(-1,1),(-8,3),(0,0)]
Worms:[Sanya[2]-1(6,4),Vasia[2]-2(-1,0),Alexandr[2]-3(-1,3),Klavii[2]-5(9,5),Grisha[2]-5(0,-3),Alexandr[3]-6(9,7),Sanya[3]-7(4,-5)],Food:[(4,-7),(9,8),(7,-4),(-1,1),(-8,3),(0,0),(5,7)]
Worms:[Vasia[2]-11(-1,1),Alexandr[2]-2(0,3),Klavii[2]-4(9,6),Grisha[2]-4(0,-2),Alexandr[3]-15(9,8),Sanya[3]-6(4,-6)],Food:[(4,-7),(7,-4),(-8,3),(0,0),(5,7),(4,5)]
Worms:[Alexandr[2]-1(0,2),Klavii[2]-3(8,6),Grisha[2]-3(0,-1),Alexandr[3]-4(9,8),Sanya[3]-15(4,-7),Tazar[5]-10(0,1),Klavii[3]-10(8,8)],Food:[(7,-4),(-8,3),(0,0),(5,7),(4,5),(5,-3)]
Worms:[Klavii[2]-2(7,6),Grisha[2]-12(0,0),Alexandr[3]-3(9,8),Sanya[3]-4(4,-7),Tazar[5]-9(1,1),Klavii[3]-9(7,8),Artem[5]-10(5,-7)],Food:[(7,-4),(-8,3),(5,7),(4,5),(5,-3),(6,5)]
Worms:[Klavii[2]-1(6,6),Grisha[2]-1(0,0),Alexandr[3]-2(8,8),Sanya[3]-3(4,-7),Tazar[5]-8(2,1),Klavii[3]-8(6,8),Artem[5]-9(5,-6),Sanya[4]-10(1,0)],Food:[(7,-4),(-8,3),(5,7),(4,5),(5,-3),(6,5),(2,2)]
Worms:[Klavii[2]-10(6,5),Alexandr[3]-1(7,8),Sanya[3]-2(5,-7),Tazar[5]-17(2,2),Klavii[3]-7(5,8),Artem[5]-8(5,-5),Sanya[4]-9(2,0)],Food:[(7,-4),(-8,3),(5,7),(4,5),(5,-3),(3,5)]
Worms:[Klavii[2]-9(5,5),Sanya[3]-1(5,-6),Tazar[5]-6(2,2),Klavii[3]-16(5,7),Artem[5]-7(5,-4),Sanya[4]-8(3,0),Grisha[3]-10(3,2)],Food:[(-8,3),(4,5),(5,-3),(3,5),(-5,-1)]
Worms:[Klavii[2]-18(4,5),Tazar[5]-5(2,2),Klavii[3]-5(5,7),Artem[5]-16(5,-3),Sanya[4]-7(3,1),Grisha[3]-9(3,3),Sanya[5]-10(4,7)],Food:[(-8,3),(3,5),(-5,-1),(-2,-1)]
Worms:[Klavii[2]-7(4,5),Tazar[5]-4(1,2),Klavii[3]-4(5,7),Artem[5]-5(5,-3),Sanya[4]-6(2,1),Grisha[3]-8(2,3),Sanya[5]-9(3,7),Ilya[2]-20(3,5),Sanya[6]-10(4,-3)],Food:[(-5,-1),(-2,-1),(-2,4)]
Worms:[Klavii[2]-6(4,5),Tazar[5]-3(0,2),Klavii[3]-3(4,7),Artem[5]-4(5,-3),Sanya[4]-5(1,1),Grisha[3]-7(1,3),Sanya[5]-8(2,7),Ilya[2]-9(3,5),Sanya[6]-9(3,-3),Klavii[4]-10(2,5)],Food:[(-5,-1),(-2,-1),(-2,4),(-1,2)]
Worms:[Klavii[2]-5(4,5),Tazar[5]-12(-1,2),Klavii[3]-2(3,7),Artem[5]-3(4,-3),Sanya[4]-4(0,1),Grisha[3]-6(0,3),Sanya[5]-7(1,7),Ilya[2]-8(3,5),Sanya[6]-8(2,-3),Klavii[4]-9(1,5)],Food:[(-5,-1),(-2,-1),(-2,4),(1,-4)]
Worms:[Klavii[2]-4(4,5),Tazar[5]-1(-1,2),Klavii[3]-1(2,7),Artem[5]-2(3,-3),Sanya[4]-3(-1,1),Grisha[3]-5(-1,3),Sanya[5]-6(0,7),Ilya[2]-7(2,5),Sanya[6]-7(1,-3),Klavii[4]-8(0,5),Bob[5]-10(-2,2)],Food:[(-5,-1),(-2,-1),(-2,4),(1,-4),(-4,-2)]
Worms:[Klavii[2]-3(3,5),Artem[5]-1(2,-3),Sanya[4]-2(-2,1),Grisha[3]-4(-2,3),Sanya[5]-5(-1,7),Ilya[2]-6(1,5),Sanya[6]-16(1,-4),Klavii[4]-7(-1,5),Bob[5]-9(-2,2)],Food:[(-5,-1),(-2,-1),(-2,4),(-4,-2),(-3,-6)]
Worms:[Klavii[2]-2(2,5),Sanya[4]-1(-2,0),Grisha[3]-13(-2,4),Sanya[5]-4(-2,7),Ilya[2]-5(0,5),Sanya[6]-5(1,-4),Klavii[4]-6(-2,5),Bob[5]-8(-2,1),Zik[4]-10(0,-4)],Food:[(-5,-1),(-2,-1),(-4,-2),(-3,-6),(-4,-3)]
Worms:[Klavii[2]-1(2,4),Sanya[4]-10(-2,-1),Grisha[3]-2(-2,4),Sanya[5]-3(-3,7),Ilya[2]-4(1,5),Sanya[6]-4(2,-4),Klavii[4]-5(-3,5),Bob[5]-7(-3,1),Zik[4]-9(-1,-4),Klavii[5]-10(-3,4)],Food:[(-5,-1),(-4,-2),(-3,-6),(-4,-3),(2,-1)]
Worms:[Sanya[4]-9(-3,-1),Grisha[3]-1(-2,4),Sanya[5]-2(-2,7),Ilya[2]-3(2,5),Sanya[6]-3(2,-3),Klavii[4]-4(-4,5),Bob[5]-6(-4,1),Zik[4]-8(-2,-4),Klavii[5]-9(-4,4)],Food:[(-5,-1),(-4,-2),(-3,-6),(-4,-3),(2,-1),(-2,13)]
Worms:[Sanya[4]-8(-4,-1),Sanya[5]-1(-2,8),Ilya[2]-2(2,4),Sanya[6]-2(2,-2),Klavii[4]-3(-5,5),Bob[5]-5(-5,1),Zik[4]-7(-3,-4),Klavii[5]-8(-5,4)],Food:[(-4,-2),(-3,-6),(-4,-3),(2,-1),(-2,13),(11,1)]
Worms:[Sanya[4]-17(-4,-2),Ilya[2]-11(3,4),Sanya[6]-11(2,-1),Klavii[4]-2(-4,5),Bob[5]-4(-4,1),Zik[4]-6(-3,-5),Klavii[5]-7(-4,4)],Food:[(-3,-6),(-4,-3),(-2,13),(11,1)]
